pos,Group 1,Group 2,Group 3,Group 4,Group 5,Group 6
0.0,1.0,0.0,0.0,0.0,0.0,0.0
100.0,1.0,0.0,0.0,0.0,0.0,0.0
200.0,1.0,0.0,0.0,0.0,0.0,0.0
300.0,1.0,0.0,0.0,0.0,0.0,0.0
400.0,1.0,0.0,0.0,0.0,0.0,0.0
500.0,1.0,0.0,0.0,0.0,0.0,0.0
600.0,1.0,0.0,0.0,0.0,0.0,0.0
700.0,0.9186875891583453,0.0,0.0,0.0,0.08131241084165478,0.0
800.0,0.8039950062421972,0.0,0.0,0.0,0.19600499375780275,0.0
900.0,0.7147613762486127,0.0,0.0,0.0,0.195338512763596,0.08990011098779134
1000.0,0.7382617382617382,0.0,0.0,0.0,0.17582417582417584,0.08591408591408592
1100.0,0.7620345140781108,0.0,0.0,0.0,0.15985467756584923,0.07811080835603997
1200.0,0.7818484596169858,0.0,0.0,0.0,0.14654454621149043,0.07160699417152373
1300.0,0.7986164488854727,0.0,0.0,0.0,0.13528055342044581,0.06610299769408147
1400.0,0.7566024268379729,0.0,0.0,0.0,0.18201284796573874,0.06138472519628837
1500.0,0.7061958694203864,0.0,0.0,0.0,0.23650899400399733,0.05729513657561625
1600.0,0.6620861961274204,0.0,0.0,0.0,0.28419737663960026,0.05371642723297939
1700.0,0.6231628453850676,0.0,0.0,0.0,0.2968841857730747,0.07995296884185774
1800.0,0.5885619100499723,0.0,0.0,0.0,0.280399777901166,0.13103831204886174
1900.0,0.590215675960021,0.0,0.0,0.0,0.26564965807469754,0.14413466596528143
2000.0,0.5957021489255372,0.014992503748125937,0.0,0.0,0.25237381309345325,0.13693153423288357
2100.0,0.5673488814850072,0.06187529747739172,0.0,0.0,0.24036173250832937,0.13041408852927178
2200.0,0.567014993184916,0.07905497501135847,0.0,0.0,0.22944116310767831,0.12448886869604725
2300.0,0.585832246849196,0.07561929595827901,0.0,0.0,0.2194697957409822,0.1190786614515428
2400.0,0.563515201999167,0.07246980424822991,0.0,0.0,0.21032902957101207,0.153685964181591
2500.0,0.5409836065573771,0.06957217113154739,0.0,0.0,0.20191923230707717,0.1875249900039984
2600.0,0.5559400230680508,0.06689734717416378,0.0,0.0,0.19415609381007304,0.1830065359477124
2700.0,0.5553498704183636,0.06442058496853018,0.0,0.0,0.20399851906701222,0.17623102554609404
2800.0,0.5355230274901821,0.062120671188861123,0.0,0.0,0.23241699393073903,0.1699393073902178
2900.0,0.5170630816959669,0.05997931747673216,0.0,0.0,0.2588762495691141,0.16408135125818682
3000.0,0.49983338887037654,0.05798067310896368,0.0,0.0,0.28357214261912694,0.1586137954015328
3100.0,0.5027410512737827,0.05611093195743309,0.0,0.0,0.2876491454369558,0.15349887133182843
3200.0,0.5182755388940956,0.05435801312089972,0.0,0.0,0.2786629178381756,0.1487035301468291
3300.0,0.5065131778249016,0.05271129960617994,0.0,0.0,0.2702211451075432,0.17055437746137533
3400.0,0.49162011173184356,0.05174948544545722,0.0,0.0,0.2622758012349309,0.1943546015877683
3500.0,0.47757783490431305,0.07883461868037704,0.0,0.0,0.25478434732933447,0.18880319908597543
3600.0,0.4643154679255762,0.10441544015551235,0.0,0.0,0.2477089697306304,0.18356012218828102
3700.0,0.4517697919481221,0.128613888138341,0.0,0.0,0.2410159416373953,0.17860037827614159
3800.0,0.44619836885030256,0.1452249408050513,0.0,0.0,0.23467508550381477,0.17390160484083136
3900.0,0.4603947705716483,0.14150217892847988,0.0,0.0,0.22865931812355805,0.16944373237631377
4000.0,0.45713571607098225,0.1379655086228443,0.0,0.0,0.23969007748062984,0.16520869782554362
4100.0,0.445988783223604,0.1346013167520117,0.0,0.0,0.2582297000731529,0.1611801999512314
4200.0,0.4353725303499167,0.1313972863603904,0.0,0.0,0.2758866936443704,0.15734348964532255
4300.0,0.4252499418739828,0.12834224598930483,0.0,0.0,0.2927226226458963,0.15368518949081608
4400.0,0.4155873665076119,0.125426039536469,0.0,0.0,0.28788911610997503,0.1710974778459441
4500.0,0.4063541435236614,0.12263941346367474,0.0,0.0,0.28149300155520995,0.1895134414574539
4600.0,0.41925668332971094,0.11997391871332319,0.0,0.0,0.2753749184959791,0.18539447946098675
4700.0,0.43161029568176984,0.11742182514358647,0.0,0.0,0.2695171240161668,0.18145075515847692
4800.0,0.4434492813997084,0.11497604665694647,0.0,0.0,0.2639033534680275,0.17767131847531764
4900.0,0.4350132625994695,0.11263007549479698,0.0,0.0,0.27831054886757806,0.17404611303815548
5000.0,0.4263147370525895,0.11037792441511697,0.0,0.0,0.2927414517096581,0.17056588682263546
5100.0,0.41795726328170946,0.10821407567143697,0.0,0.0,0.3066065477357381,0.16722211331111547
5200.0,0.4099211690059604,0.10613343587771583,0.0,0.0,0.3199384733705057,0.1640069217458181
5300.0,0.40218826636483684,0.1175249952839087,0.0,0.0,0.31937370307489155,0.16091303527636294
5400.0,0.3947417144973153,0.13386409924088133,0.0,0.0,0.3134604702832809,0.1579337159785225
5500.0,0.3875658971096164,0.1496091619705508,0.0,0.0,0.3077622250499909,0.15506271586984186
5600.0,0.38064631315836456,0.16479200142831638,0.0,0.0,0.3022674522406713,0.15229423317264773
5700.0,0.37396947903876515,0.1638309068584459,0.0,0.0,0.2969654446588318,0.1652341694439572
5800.0,0.3675228408895018,0.16100672297879676,0.0,0.0,0.2918462334080331,0.17962420272366833
5900.0,0.37400440603287577,0.15827825792238603,0.0,0.0,0.286900525334689,0.18081681071004915
6000.0,0.3844359273454424,0.15564072654557573,0.0,0.0,0.28211964672554574,0.1778036993834361
6100.0,0.37846254712342237,0.15308965743320768,0.0,0.0,0.29355843304376333,0.17488936239960662
6200.0,0.3723592968875988,0.15062086760199966,0.0,0.0,0.30495081438477667,0.1720690211256249
6300.0,0.36644976987779715,0.1482304396127599,0.0,0.0,0.315981590223774,0.16933820028566895
6400.0,0.3607248867364474,0.14591470082799562,0.0,0.0,0.3224496172473051,0.17091079518825184
6500.0,0.3551761267497308,0.14367020458391017,0.0,0.0,0.3174896169820028,0.18366405168435626
6600.0,0.34979548553249507,0.1414937130737767,0.0,0.0,0.31267989698530524,0.19603090440842297
6700.0,0.3592001193851664,0.13938218176391584,0.0,0.0,0.30801372929413523,0.19340396955678257
6800.0,0.367298926628437,0.13865607998823704,0.0,0.0,0.3034847816497574,0.1905602117335686
6900.0,0.36197652514128387,0.15113751630198521,0.0,0.0,0.2990870888277061,0.1877988697290248
7000.0,0.3568061705470647,0.16326239108698756,0.0,0.0,0.29481502642479646,0.18511641194115128
7100.0,0.3517814392339107,0.17504576820166173,0.0,0.0,0.2906632868610055,0.18250950570342206
7200.0,0.3489793084293848,0.18441883071795584,0.0,0.0,0.2866268573809193,0.17997500347174003
7300.0,0.35789617860567047,0.18189289138474182,0.0,0.0,0.2827009998630325,0.17750993014655528
7400.0,0.35819483853533307,0.17943521145791108,0.0,0.0,0.27888123226591,0.18348871774084582
7500.0,0.3534195440607919,0.17704306092520997,0.0,0.0,0.27516331155845886,0.19437408345553925
7600.0,0.34876989869753977,0.1747138534403368,0.0,0.0,0.2824628338376529,0.19405341402447046
7700.0,0.3442410076613427,0.17244513699519542,0.0,0.0,0.2917802882742501,0.1915335670692118
7800.0,0.3398282271503653,0.1702345853095757,0.0,0.0,0.3008588642481733,0.18907832329188565
7900.0,0.33552714846222,0.1680799898746994,0.0,0.0,0.30970763194532336,0.18668522971775725
8000.0,0.34120734908136485,0.16597925259342583,0.0,0.0,0.30846144231971,0.1843519560054993
8100.0,0.34933958770522155,0.16393037896555981,0.0,0.0,0.3046537464510554,0.18207628687816318
8200.0,0.34532374100719426,0.16193147177173514,0.0,0.0,0.30093890988903793,0.1918058773320327
8300.0,0.34116371521503436,0.15998072521382967,0.0,0.0,0.29731357667750874,0.20154198289362726
8400.0,0.33710272586596834,0.16759909534579218,0.0,0.0,0.2937745506487323,0.2015236281395072
8500.0,0.333137277967298,0.17739089518880133,0.0,0.0,0.2903187860251735,0.1991530408187272
8600.0,0.329264039065225,0.18695500523194977,0.0,0.0,0.286943378676898,0.19683757702592722
8700.0,0.32547982990460866,0.19629927594529364,0.0,0.0,0.28364555798184116,0.19457533616825654
8800.0,0.32178161572548575,0.19736393591637313,0.0,0.0,0.2884899443245086,0.19236450403363253
8900.0,0.3181664981462757,0.19514661274014156,0.0,0.0,0.29648354117514886,0.19020334793843388
9000.0,0.31463170758804576,0.1929785579380069,0.0,0.0,0.30429952227530277,0.1880902121986446
9100.0,0.31117459619821997,0.19085814745632348,0.0,0.0,0.3119437424458851,0.18602351389957147
9200.0,0.31474839691337897,0.18878382784479947,0.0,0.0,0.31246603630040215,0.1840017389414194
9300.0,0.32211590151596603,0.1867541124610257,0.0,0.0,0.30910654768304485,0.18202343833996346
9400.0,0.320604191043506,0.18476757791724285,0.0,0.0,0.305818529943623,0.1888097010956281
9500.0,0.31722976528786445,0.18282286075149984,0.0,0.0,0.3025997263445953,0.19734764761604043
9600.0,0.3139256327465889,0.1862306009790647,0.0,0.0,0.29944797416935737,0.20039579210498906
9700.0,0.3106896196268426,0.19461911143181115,0.0,0.0,0.29636119987630144,0.19833006906504483
9800.0,0.3075196408529742,0.2028364452606877,0.0,0.0,0.29333741454953577,0.19630649933680236
9900.0,0.30441369558630443,0.2108877891122109,0.0,0.0,0.2903747096252904,0.1943238056761943
10000.0,0.3067693230676932,0.21337866213378662,0.0,0.0,0.28747125287471254,0.19238076192380762
10100.0,0.31363231363231364,0.21126621126621126,0.0,0.0,0.28462528462528464,0.19047619047619047
10200.0,0.31408685422997745,0.20919517694343692,0.0,0.0,0.2881090089206941,0.18860895990589158
10300.0,0.3110377633239491,0.20716435297543928,0.0,0.0,0.2950199009804873,0.18677798272012425
10400.0,0.3080473031439285,0.20517257955965773,0.0,0.0,0.30179790404768775,0.18498221324872607
10500.0,0.30511379868583943,0.20321874107227883,0.0,0.0,0.30844681458908674,0.18322064565279497
10600.0,0.3022356381473446,0.20130176398452976,0.0,0.0,0.3063861899820772,0.1900764078860485
10700.0,0.2994112699747687,0.19942061489580412,0.0,0.0,0.3035230352303523,0.19764507989907484
10800.0,0.3020090732339598,0.1975742986760485,0.0,0.0,0.30071289695398573,0.19970373113600592
10900.0,0.30841207228694617,0.19576185671039353,0.0,0.0,0.29795431611778733,0.19787175488487294
11000.0,0.30797200254522317,0.20070902645214073,0.0,0.0,0.2952458867375693,0.1960730842650668
11100.0,0.30519772993424016,0.20790919736960634,0.0,0.0,0.2925862534906765,0.194306819205477
11200.0,0.3024729934827248,0.21498080528524238,0.0,0.0,0.28997410945451296,0.19257209177751985
11300.0,0.299796478187771,0.22192726307406424,0.0,0.0,0.28740819396513584,0.19086806477302892
11400.0,0.2971669151828787,0.2242785720550829,0.0,0.0,0.2893605824050522,0.18919393035698623
11500.0,0.2945830797321972,0.22232849317450656,0.0,0.0,0.29553951830275627,0.18754890879053995
11600.0,0.29204378932850616,0.22041203344539265,0.0,0.0,0.301611930006034,0.18593224722006724
11700.0,0.2895479018887275,0.21852833091188786,0.0,0.0,0.3075805486710538,0.1843432185283309
11800.0,0.28709431404118296,0.21667655283450554,0.0,0.0,0.3110753325989323,0.1851538005253792
11900.0,0.2846819594992018,0.2148558944626502,0.0,0.0,0.3084614738257289,0.19200067221241912
12000.0,0.28239313390550785,0.21306557786851096,0.0,0.0,0.3058911757353554,0.19865011249062578
12100.0,0.2883232790678456,0.21130485083877365,0.0,0.0,0.30336335840013223,0.19700851169324848
12200.0,0.2941562167035489,0.20957298582083436,0.0,0.0,0.30087697729694285,0.19539382017867388
12300.0,0.2998943175351597,0.207869278920413,0.0,0.0,0.2984310218681408,0.19380538167628647
12400.0,0.30150794290783,0.20619304894766552,0.0,0.0,0.29602451415208453,0.19627449399241997
12500.0,0.29909607231421487,0.20454363650907928,0.0,0.0,0.29365650747940164,0.2027037836973042
12600.0,0.29672248234267123,0.20292040314260773,0.0,0.0,0.29267518450916596,0.20768193000555513
12700.0,0.29438626879773244,0.20132273049366192,0.0,0.0,0.2982442327375797,0.2060467679710259
12800.0,0.292086555737833,0.19975001952972424,0.0,0.0,0.30372627138504804,0.20443715334739473
12900.0,0.28982249438028057,0.19820168979148903,0.0,0.0,0.3091233237733509,0.20285249205487946
13000.0,0.2875932620567649,0.19836935620336899,0.0,0.0,0.3127451734481963,0.20129220829166988
13100.0,0.285398061216701,0.2044882070070987,0.0,0.0,0.3103579879398519,0.19975574383634837
13200.0,0.28323611847587304,0.2105143549731081,0.0,0.0,0.30800696916900233,0.19824255738201652
13300.0,0.28110668370799186,0.2164498909856402,0.0,0.0,0.30569130140590933,0.19675212390045863
13400.0,0.2790090291769271,0.22229684351914036,0.0,0.0,0.303410193269159,0.19528393403477354
13500.0,0.2769424487075032,0.22065032219835568,0.0,0.007406858751203615,0.30116287682393894,0.1938374935189986
13600.0,0.2749062568928755,0.21902801264612895,0.0,0.014704801117564885,0.2989486067200941,0.19241232262333652
13700.0,0.27997956353550835,0.21742938471644405,0.0,0.014816436756441136,0.29676665936792934,0.19100795562367712
13800.0,0.28418230563002683,0.21585392362872255,0.0,0.01470907905224259,0.29461633214984423,0.19063835953916383
13900.0,0.2821379756852025,0.21430112941514998,0.0,0.014603265952089777,0.29249694266599524,0.1964606862815625
14000.0,0.28012284836797374,0.21277051639168632,0.0,0.014498964359688594,0.2904078280122848,0.20219984286836654
14100.0,0.27813630238990145,0.211261612651585,0.006311609105737182,0.014396142117580314,0.2883483440890717,0.20154598964612438
14200.0,0.27617773396239703,0.20977395958031125,0.010280966129145835,0.014294767974086332,0.28934582071685094,0.20012675163720864
14300.0,0.2742465561848822,0.20830711139081184,0.010209076288371442,0.014194811551639746,0.2943150828613384,0.19872736172295644
14400.0,0.2723421984584404,0.20686063467814736,0.010138184848274426,0.01409624331643636,0.2992153322685925,0.197347406430109
14500.0,0.2704641059237294,0.20543410799255224,0.010068271153713537,0.013999034549341425,0.30404799668988347,0.19598648369077995
14600.0,0.26861173892199164,0.2046435175672899,0.009999315115403055,0.013903157317991919,0.30819806862543664,0.19464420245188685
14700.0,0.2667845724780627,0.2100537378409632,0.009931297190667302,0.013808584450037412,0.3061016257397456,0.19332018230052378
14800.0,0.26498209580433757,0.21539085196946153,0.00986419836497534,0.013715289507465712,0.30403351124923994,0.19201405310451997
14900.0,0.26320381182470975,0.22065633178981275,0.00979800013421918,0.013623246761962285,0.30199315482182404,0.19072545466747198
15000.0,0.26144923671755216,0.22585160989267383,0.009732684487700819,0.013532431171255249,0.29998000133324443,0.1894540363975735
15100.0,0.2642209125223495,0.2264750678762996,0.009668233891795245,0.013442818356400238,0.2979935103635521,0.18819945698960333
15200.0,0.26906124597065983,0.22498519834221434,0.009604631274258273,0.013354384579961845,0.2960331557134399,0.18696138411946583
15300.0,0.2686752499836612,0.2235148029540553,0.009541860009149729,0.01326710672505065,0.2940984249395464,0.1909025553885367
15400.0,0.26693071878449454,0.22206350236997596,0.009479903902344003,0.013180962275176936,0.29218881890786313,0.19615609376014545
15500.0,0.26804722275982196,0.22063092703696535,0.009418747177601446,0.013095929294884201,0.2903038513644281,0.19850332236629895
15600.0,0.2727389269918595,0.21921671687712327,0.009358374463175438,0.013011986411127491,0.2884430485225306,0.1972309467341837
15700.0,0.27284886312973694,0.21782052098592447,0.009298770778931278,0.012929112795363353,0.2911279536335265,0.1959747786765174
15800.0,0.2711220808809569,0.2164419973419404,0.00923992152395418,0.012847288146319854,0.29561420163280805,0.19473451047402063
15900.0,0.2694170177976228,0.215080812527514,0.009181812464624866,0.012766492673416766,0.300044022388529,0.19350984214829256
16000.0,0.2677332666708331,0.21373664145990875,0.009124429723142303,0.01268670708080745,0.3044184738453847,0.19230048121992374
16100.0,0.2660704304080492,0.21240916713247623,0.009067759766474132,0.012607912552015403,0.30594373020309296,0.19390099993789206
16200.0,0.2644281217208814,0.21109808036540953,0.009011789395716313,0.012530090735139806,0.30405530522807234,0.19887661255478056
16300.0,0.2628059628243666,0.21182749524569044,0.008956505735844427,0.012453223728605608,0.3021900496902031,0.20176676277528985
16400.0,0.2612035851472471,0.21663313212608987,0.008901896225839888,0.012377294067434912,0.3003475397841595,0.2005365526492287
16500.0,0.25962062905278466,0.22138052239258227,0.008847948609175201,0.012302284710017574,0.29852736197806196,0.19932125325737834
16600.0,0.25805674356966446,0.22607071863140774,0.008794650924643094,0.012228179025359918,0.296729112704054,0.1981205951448708
16700.0,0.2565115861325669,0.23070474821866954,0.008741991497515119,0.01215496078079157,0.2949523980599964,0.19693431531046046
16800.0,0.25950836259746446,0.23076007380513064,0.00868995893101601,0.012082614130111302,0.2931968335218142,0.19576215701446342
16900.0,0.2638897106680078,0.22939471037216733,0.008638542098100704,0.01201112360215372,0.29146204366605527,0.19460386959351517
17000.0,0.26316099052996883,0.22804540909358273,0.008587730133521558,0.01699900005882007,0.28974766190224105,0.19345920828186577
17100.0,0.26162212736097307,0.22671188819367288,0.008537512426173908,0.02274720776562774,0.28805333021460733,0.1923279340389451
17200.0,0.260101156909482,0.2253938724492762,0.008487878611708622,0.02842857973373641,0.2863786989128539,0.19120981338294285
17300.0,0.2585977689150916,0.2240910930004046,0.008438818565400843,0.034044274897404775,0.2847234263915381,0.19010461823016012
17400.0,0.25711166024941096,0.22280328716740416,0.008390322395264639,0.03402103327394977,0.28308717889776447,0.19458651801620597
17500.0,0.25564253471230214,0.22153019827438433,0.00834238043540369,0.03382663847780127,0.28146963030683964,0.19918861779326896
17600.0,0.2541901028350662,0.220271575478666,0.00829498323958866,0.03363445258792114,0.2832793591273223,0.20032952673143573
17700.0,0.2527540816903,0.21902717360601096,0.008248121575052256,0.03344443816733518,0.28732839952545053,0.1991977854358511
17800.0,0.2513341947081625,0.21779675299140497,0.008201786416493455,0.03325655862030223,0.2913319476433908,0.19807875962024604
17900.0,0.24993017149879895,0.21658007932517737,0.008155968940282666,0.033070778168817386,0.29529076587900116,0.19697223618792245
18000.0,0.25043053163713125,0.21537692350424975,0.008110660518860063,0.03288706182989834,0.2973168157324593,0.19587800677740125
18100.0,0.2545715706314568,0.21418706148831557,0.008065852715319595,0.03270537539362466,0.2956742721396608,0.19479586763162257
18200.0,0.2545464534915664,0.2130102741607604,0.012142189989561012,0.032525685401901,0.2940497774847536,0.1937256194714576
18300.0,0.2531555652696574,0.2118463471941424,0.017540025135238512,0.032347959127916506,0.29244303589967763,0.19266706737336758
18400.0,0.2517797945763817,0.21069507092005868,0.022879191348296288,0.03217216455627411,0.2908537579479376,0.19162002065105158
18500.0,0.250418896275877,0.21485325117561213,0.022863628993027404,0.03199827036376412,0.28928166045078646,0.19058429274093291
18600.0,0.24907263050373635,0.2190742433202516,0.022740712864899735,0.03182624590075803,0.2877264663190151,0.18955970109133918
18700.0,0.24774076252606814,0.22325009357788353,0.022619111277471793,0.031656061173199294,0.2861879043901396,0.1885460670552377
18800.0,0.24642306260305302,0.2273815222594543,0.022498803255146003,0.03148768682516887,0.2846657092707835,0.18754321578639435
18900.0,0.24511930585683298,0.22760700492037458,0.0223797682662293,0.03132109412200413,0.28315962118406435,0.1904132056504947
19000.0,0.2438292721435714,0.22640913636124416,0.022261986211252038,0.031156254933950845,0.28166938582179885,0.19467396452818272
19100.0,0.24433275744725408,0.2252238102717135,0.02214543741165384,0.030993141720328778,0.2801947542013507,0.19711009894769907
19200.0,0.24826831935836674,0.2240508306859018,0.022030102598822977,0.03083172751419197,0.27873548252695174,0.1960835373157648
19300.0,0.24796642661002022,0.22289000569918657,0.021915962903476503,0.030671985907465935,0.28148800580280814,0.19506761307704265
19400.0,0.24668831503530747,0.22174114736353795,0.021802999845368796,0.03051389103654451,0.2851914849750013,0.19406216174423999
19500.0,0.24542331162504488,0.2206040715860725,0.021691195323316752,0.03035741756832983,0.2888569816932465,0.19306702220398955
19600.0,0.24417121575429826,0.2194785980307127,0.02158053160553033,0.03020254068669966,0.2924850772919749,0.19208203663078413
19700.0,0.24293183087152936,0.21836455002284147,0.02147099132023755,0.030049236079386834,0.29404598751332417,0.19313740419268058
19800.0,0.24170496439573758,0.21726175445684562,0.021362557446593607,0.0298974799252563,0.29256098176859757,0.19721226200696934
19900.0,0.24049042761670267,0.21627053916888597,0.021255213305864027,0.02974724888196573,0.29109089995477616,0.20114567107180545
20000.0,0.2392880355982201,0.22018899055047247,0.021148942552872356,0.029598520073996302,0.2896355182240888,0.20013999300034999
20100.0,0.23809760708422467,0.22406845430575592,0.0210437291677031,0.029451271081040745,0.2881946171832247,0.19914432117805084
20200.0,0.23691896440770258,0.22790950943022623,0.020939557447651105,0.0293054799267363,0.28676798178308005,0.19815850700460375
20300.0,0.23575193340229544,0.2317127235111571,0.020836411999408895,0.029161125067730654,0.28535540121176295,0.19718240480764496
20400.0,0.2356747218273614,0.23440027449634823,0.02073427773148375,0.029018185383069457,0.28395666879074555,0.19621587177099162
20500.0,0.23940295595336814,0.23325691429686357,0.02063313984683674,0.028876640163894445,0.2825715818740549,0.1952587678649822
20600.0,0.2419785447308383,0.23212465414300276,0.02053298383573613,0.02985291976117664,0.2811999417504005,0.1943109557788457
20700.0,0.24080962272353992,0.2310033331723105,0.02043379546881793,0.0345393942321627,0.2798415535481378,0.19337230085503115
20800.0,0.23965193981058602,0.22989279361569157,0.020335560790346617,0.03918080861497043,0.27849622614297387,0.19244267102543147
20900.0,0.23850533467298216,0.22879288072341036,0.020238266111669297,0.04377780967417827,0.2771637720683221,0.19152193674943782
21000.0,0.23736964906433028,0.22770344269320508,0.020141898004856912,0.04833103185562592,0.2758440074282177,0.1906099709537641
21100.0,0.23624472773802188,0.22662433060044548,0.023695559452158666,0.04919198142268139,0.2745367518127103,0.1897066489739823
21200.0,0.23513041837649168,0.22555539833026744,0.028300551860761285,0.04895995471911702,0.2732418282156502,0.18881184849771238
21300.0,0.23402657152246373,0.22449650251161918,0.03286230693394676,0.04873010656776677,0.27195906295479083,0.1879254495094127
21400.0,0.23671791037801973,0.2234475024531564,0.03359656090836877,0.04850240642960609,0.2706882855941311,0.1870473342367179
21500.0,0.24012836612250593,0.22240826008092646,0.03344030510208827,0.04827682433375192,0.26942932886842474,0.18631691549230267
21600.0,0.2390167121892505,0.22137863987778345,0.03328549604184992,0.048053330864311836,0.26818202860978657,0.19008379241701773
21700.0,0.23791530344223769,0.22035850882447813,0.033132113727478,0.047831897147596884,0.26713054697940186,0.19363162987880742
21800.0,0.23682399889913305,0.21934773634236962,0.0329801385257557,0.047612494839686256,0.2704921792578322,0.19274345213522315
21900.0,0.23574266015250445,0.21834619423770604,0.032829551162047395,0.04739509611433268,0.27382311309985846,0.19186338523355098
22000.0,0.23467115131130403,0.21735375664742512,0.03268033271214945,0.04717967365119767,0.2771237671014954,0.19099131857642834
22100.0,0.23360933894393918,0.21637029998642596,0.032532464594362244,0.04696620062440614,0.28039455228270216,0.19012714356816435
22200.0,0.23255709202288186,0.21895410116661412,0.032385928561776495,0.0467546506914103,0.2800774739876582,0.18927075356965903
22300.0,0.23151428187076814,0.2224563920900408,0.03224070669476705,0.046544997982153266,0.27882157750773506,0.18842204385453568
22400.0,0.23048078210794162,0.22592741395473417,0.03209678139368778,0.046337217088522835,0.2775768938886657,0.18758091156644793
22500.0,0.22945646860139549,0.22936758366294832,0.031954135371761255,0.04613128305408649,0.276343273632283,0.18674725567752545
22600.0,0.22950311933100306,0.23171541082252997,0.03181275164815716,0.045927171364098934,0.2751205698862882,0.18592097694792264
22700.0,0.2328972291969517,0.23069468305360996,0.03167261354125369,0.04572485793577376,0.2739086383859742,0.18510197788643673
22800.0,0.2344195430024999,0.2296829086443577,0.03153370466207622,0.045524319108811016,0.27270733739748254,0.1861321871847726
22900.0,0.23339592157547706,0.22867997030697348,0.03139600890790795,0.045325531636173096,0.27151652766254747,0.18968603991092092
23000.0,0.23238120081735578,0.22768575279335682,0.031259510456067126,0.04512847267510108,0.27033607234468066,0.19320899091343854
23100.0,0.23137526514003723,0.22670014285095882,0.031124193757845982,0.044933119778364575,0.2731050603869962,0.19276221808579716
23200.0,0.230378000948235,0.22572302917977674,0.030990043532606353,0.044739450885737685,0.2762380931856385,0.19193138226800568
23300.0,0.2293892965967126,0.22475430239045535,0.030857044762027382,0.04454744431569461,0.27934423415304066,0.19110767778206944
23400.0,0.22840904234861759,0.2237938549634631,0.03072518268450066,0.044357078757318064,0.2824238280415367,0.1902910132045639
23500.0,0.22743713033487936,0.22284158120931025,0.030594442789668524,0.04518956640142972,0.28445598059657035,0.18948129866814178
23600.0,0.2264734545146392,0.2218973772297784,0.03046481081310114,0.049235201898224654,0.28325070971569,0.18867844582856658
23700.0,0.225517910636682,0.22096114088013163,0.030336272731108394,0.05324669845154213,0.28205560946795494,0.18788236783258092
23800.0,0.22457039620184027,0.22003277173228017,0.030208814755682534,0.05722448636611907,0.28087055165749336,0.1870929792865846
23900.0,0.223630810426342,0.21911217103886865,0.031672314965901005,0.059579097108907575,0.27969541023388145,0.18631019622609932
24000.0,0.22269905420607475,0.21819924169826257,0.03570684554810216,0.05933086121411608,0.278530061247448,0.18553393608599641
24100.0,0.22177503008173935,0.2172938882204058,0.03970789593792789,0.05908468528276835,0.2773743828056927,0.18476411767146592
24200.0,0.22160241312342466,0.21639601669352507,0.042932110243378376,0.05884054377918268,0.27622825503078385,0.1840006611297054
24300.0,0.22480556355705528,0.21550553475165632,0.042755442162873955,0.05859841158800049,0.27509156001810625,0.1832434879223077
24400.0,0.22646612843735914,0.21613868284086718,0.04258022212204418,0.05835826400557354,0.27396418179582804,0.18249252079832795
24500.0,0.22554181461981143,0.2193379862046447,0.04240643239051467,0.05812007673156198,0.27284600628545774,0.18174768376800948
24600.0,0.2246250152432828,0.2225112800292671,0.04223405552619812,0.05788382586073737,0.2717369212633633,0.18100890207715134
24700.0,0.22371563904295372,0.22565888020727906,0.042063074369458726,0.05764948787498482,0.2706368163232258,0.18027610218209789
24800.0,0.22281359622595864,0.22878109753638967,0.04189347203741785,0.05741703963549857,0.2695455828394016,0.17954921172533367
24900.0,0.22191879844182966,0.22962933215533513,0.04172523191839685,0.05718645837516566,0.2684631139311674,0.1810770651781053
25000.0,0.22103115875364984,0.22871085156593737,0.04155833766649334,0.056957721691132356,0.2673893044278229,0.1843526258949642
25100.0,0.22015059160989603,0.22779968925540814,0.041392773196287,0.056730807537548306,0.2672403489900801,0.18668578941078046
25200.0,0.21927701281695172,0.22689575810483711,0.04122852267767152,0.05650569421848339,0.2701480099996032,0.18594500218245308
25300.0,0.21841033951227223,0.2259989723726335,0.04106557053080906,0.05628236038101261,0.27303268645508083,0.18521007074819176
25400.0,0.21755049013818353,0.22510924766741466,0.04090390142120389,0.05606078500846423,0.27589464981693634,0.18448092594779733
25500.0,0.2166973844162974,0.22422650092153248,0.040743500254891964,0.05584094741382691,0.27873416728755734,0.1837574997058939
25600.0,0.21881957736025937,0.22335065036522012,0.04058435217374321,0.055622827233311196,0.27858286785672437,0.18303972501074176
25700.0,0.22185907163145402,0.22248161550134235,0.040426442550873506,0.05540640442006148,0.27749893000272363,0.182327535893545
25800.0,0.22165807526840045,0.2216193170807333,0.04026975698616333,0.05519165923801403,0.27642339444207586,0.184837796984613
25900.0,0.2208022856260376,0.2207636770781051,0.04011428130188024,0.05497857225589745,0.2753561638546774,0.1879850198834022
26000.0,0.21995307872774125,0.21991461866851275,0.039960001538402366,0.05476712434137149,0.27429714241759934,0.19110803430637283
26100.0,0.21911037891268534,0.21907206620435998,0.03980690395004023,0.058311942071185015,0.27324623577640705,0.1904524730853224
26200.0,0.2182741116751269,0.21823594519293157,0.03965497500095416,0.061906034120835084,0.2722033510171368,0.18972558299301553
26300.0,0.21744420364244704,0.21740618227443823,0.039504201361164976,0.06547279571118969,0.27116839663891107,0.18900422037184897
26400.0,0.21662058255369115,0.21658270520056058,0.0393545699026552,0.06901253740388621,0.270141282527177,0.18828832241202983
26500.0,0.21580317723859477,0.21576544281347873,0.040187162748575526,0.07154447001999925,0.2691219199275499,0.18757782725180183
26600.0,0.2149919175970828,0.21495432502537498,0.04379534603962257,0.0712755159580467,0.2681102214202474,0.1868726739596256
26700.0,0.21418673457922924,0.21414928279839707,0.04737650275270589,0.07100857645781057,0.26710610089509756,0.18617280251675966
26800.0,0.21338756016566546,0.21469348158650797,0.049587701951419726,0.07074362896906831,0.2661094735271072,0.18547815380023133
26900.0,0.2125943273484257,0.21761272815136984,0.049403367904538864,0.0704806512769042,0.26512025575257425,0.18478866956618714
27000.0,0.21180697011221808,0.22051035146846412,0.049220399244472426,0.07021962149550016,0.26413836524573164,0.18410429243361356
27100.0,0.2110254234161101,0.22338659090070478,0.04903878085679495,0.06996051806206413,0.2631637208959079,0.18342496586841814
27200.0,0.21024962317561854,0.22624168229109223,0.04885849784934378,0.06970331973089225,0.2621962427851917,0.18275063416786147
27300.0,0.21127431229625288,0.2272810519761181,0.04867953554814842,0.06944800556756163,0.2612358521665873,0.18208124244533166
27400.0,0.21415276814714793,0.22645158935805262,0.04850187949344915,0.06919455494325025,0.2602824714426481,0.181416736615452
27500.0,0.21555579797098287,0.22562815897603725,0.04832551543580233,0.06894294752918076,0.26079051670848336,0.18075706337951347
27600.0,0.21477482699902178,0.22481069526466432,0.04815042933227057,0.0686931632911851,0.263468714901634,0.18010217021122424
27700.0,0.21399949460308293,0.223999133605285,0.04797660734269521,0.06844518248438684,0.2661275766217826,0.1794520053427674
27800.0,0.21322973993741232,0.22319341030898168,0.047804035826049425,0.06819898564799827,0.26876731052839825,0.17880651775116002
27900.0,0.2124655030285653,0.2223934625999068,0.04763270133686964,0.06795455360022938,0.27067130210386725,0.17888247733056162
28000.0,0.21170672475983002,0.2215992285989786,0.04746259062176351,0.06771186743330596,0.26970465340523553,0.1818149351808864
28100.0,0.21095334685598377,0.220810647307925,0.04729369061599231,0.067470908508594,0.26874488452368245,0.18472652218782248
28200.0,0.21300663097053296,0.22002765859366688,0.047125988440126235,0.06723165845182795,0.26779192227225984,0.1848161412715861
28300.0,0.21522207695841136,0.21981555422069893,0.04695947139677043,0.06699409914843998,0.2668456944984276,0.18416310377725167
28400.0,0.21446427942678076,0.2225625858244428,0.0467941269673603,0.06675821273898806,0.26590613006584274,0.18351466497658533
28500.0,0.21371179958597944,0.22529034068980036,0.046629942809024244,0.06652398161468019,0.26497315883653205,0.18287077646398373
28600.0,0.212964581657984,0.22799902101325129,0.04646690675151219,0.06629138841299255,0.2640467116534387,0.1822313905108213
28700.0,0.2122225706421379,0.23068882617330408,0.04630500679418836,0.06606041601337932,0.2631267203233337,0.18159646005365668
28800.0,0.2114857123016562,0.2316586229644804,0.04784556091802368,0.06583104753307177,0.2622131176000833,0.18096593868268462
28900.0,0.21075395315041,0.23085706376941975,0.05114009895851355,0.0656032663229646,0.26130583716826405,0.18033978063042802
29000.0,0.21002724043998483,0.23006103237819386,0.05441191683045412,0.06537705596358746,0.2604048136271163,0.1797179407606634
29100.0,0.20930552214700526,0.2292704718050926,0.05608054706023848,0.06673310195525926,0.25950998247482904,0.17910037455757535
29200.0,0.20858874696072052,0.2284853258450053,0.05588849696928187,0.06992911201671176,0.2586212800931475,0.17848703811513306
29300.0,0.207876864270844,0.22770553906010033,0.055697757755708,0.07310330705436674,0.2577386437322958,0.1778778881266851
29400.0,0.20716982415564097,0.22693105676677663,0.055508316043671985,0.07625590966293663,0.25686201149620763,0.17727288187476617
29500.0,0.20646757737025864,0.22616182502288057,0.05532015863869021,0.07911596217077387,0.25626249957628555,0.17667197722111114
29600.0,0.20577007533529273,0.22539779061518192,0.05513327252457687,0.07884868754433971,0.258775041383737,0.17607513259687171
29700.0,0.205077270125585,0.2246389010471028,0.05494764486044241,0.07858321268644153,0.26127066428739776,0.17548230699303055
29800.0,0.20438911445924635,0.22388510452669375,0.05476326297775243,0.0783195194792121,0.263749538606087,0.17489345995100836
29900.0,0.2038727801745761,0.22313634995485102,0.054580114377445574,0.07805759004715561,0.26604461389251194,0.17430855155345976
30000.0,0.2065264491183627,0.22239258691376954,0.054398186727109096,0.07779740675310823,0.26515782807239757,0.17372754241525282
30100.0,0.20896315737018703,0.22165376565562606,0.05421746785821069,0.07753895219427925,0.2642769343211189,0.17334972260057804
30200.0,0.2082712492963809,0.22091983709148705,0.05403794576338532,0.07728220919837092,0.26340187411012883,0.176086884540247
30300.0,0.20758390812184416,0.2201907527804363,0.05385960859377578,0.07702716081977493,0.2625325896835088,0.17880598000066003
30400.0,0.20690108877997435,0.22065063649222066,0.05368244465642578,0.07677379033584422,0.26166902404526166,0.18032301569027334
30500.0,0.20622274679518704,0.22320579653126127,0.053506442411724205,0.07652208124323792,0.2608111209468542,0.17973181207173536
30600.0,0.20554883827325904,0.2257442567236365,0.053331590470899644,0.07627201725433809,0.2599588248750041,0.17914447240286266
30700.0,0.2048793198918602,0.22826618025471482,0.053157877593563725,0.07602358229373636,0.25911208103970557,0.17856095892641932
30800.0,0.20421414889126976,0.23077172819064315,0.05298529268530242,0.07577676049478912,0.25827083536248824,0.17798123437550728
30900.0,0.20355328306527296,0.23125465195301123,0.05482023235493997,0.0755315361962396,0.25743503446490407,0.1774052619656322
31000.0,0.2028966807522338,0.23050869326795909,0.05786910099674204,0.0752878939389052,0.25660462565723685,0.176833005386923
31100.0,0.20224430082633998,0.2297675315906241,0.06089836339667535,0.07504581846242886,0.25577955692743,0.17626442879650173
31200.0,0.20159610268901637,0.22903112079741034,0.06390820807025416,0.07480529470209288,0.2549597769302266,0.17569949681099964
31300.0,0.20392319734193795,0.22829941535414203,0.06392767004249066,0.07456630778569374,0.2541452349765183,0.1751381744992173
31400.0,0.20572593229514985,0.22757237030667812,0.06372408522021591,0.07432884303047674,0.25333588102289734,0.175312888124582
31500.0,0.2050728548300054,0.22684994127170566,0.06352179295895369,0.07409288594012889,0.25253166566140756,0.1779308593377988
31600.0,0.20442391063573936,0.226132084427708,0.06332078098794341,0.07385842220182906,0.2517325401094902,0.18053226163728997
31700.0,0.20377906059745748,0.2254187565061039,0.0631210371912558,0.07599129365004259,0.2509384562001199,0.18075139585502034
31800.0,0.20313826609226124,0.224709914782554,0.06292254960535833,0.07889689003490456,0.25014936637212665,0.1801830131127952
31900.0,0.20250148898153664,0.22400551706843044,0.06272530641672674,0.08178427008557726,0.2493652236607003,0.17961819378702862
32000.0,0.20186869160338738,0.2233055217024468,0.06252929595950127,0.08465360457485703,0.24858598168807225,0.17905690447173525
32100.0,0.20123983676520982,0.22260988754244415,0.06233450671318651,0.08750506214759665,0.24781159465437214,0.17849911217719075
32200.0,0.2006148877364057,0.22191857395733053,0.062140927300394395,0.08732648054408249,0.2500543461383187,0.17794478432346822
32300.0,0.19999380824123092,0.22123154081916968,0.06194854648462896,0.08705612829324169,0.25237608742763384,0.17739388873409492
32400.0,0.19937656245177618,0.2205487484954168,0.061757353168112095,0.08678744483194963,0.25468349742291907,0.17684639362982624
32500.0,0.19876311498107752,0.21987015784129718,0.06156733638964955,0.08652041475646903,0.256976708408972,0.1763022676225347
32600.0,0.19815343087635348,0.21919573019232538,0.06137848532253612,0.08625502285205976,0.2591638293303886,0.17585350142633663
32700.0,0.1975474756123666,0.21852542735696157,0.06119078927249931,0.085991254090089,0.25837130362985844,0.17837375003822514
32800.0,0.1971281363373068,0.21785921160940216,0.06100423767568062,0.08572909362519435,0.2575836102557849,0.1806957104966312
32900.0,0.19956840217622565,0.21719704568250206,0.0608188200966536,0.08546852679249871,0.25680070514574027,0.18014650010637975
33000.0,0.20147874306839186,0.217054028665798,0.06063452622647798,0.08520953910487561,0.25602254477137054,0.17960061816308598
33100.0,0.2008700643485091,0.2194193528896408,0.0604513458807891,0.08495211625026435,0.2552490861303284,0.17905803450046825
33200.0,0.20026505225746213,0.22177042860154814,0.060269268997921746,0.08469624408903347,0.25448028673835127,0.17851871931568325
33300.0,0.19966367376355065,0.22410738416263776,0.06008828563706796,0.08444190865139185,0.25371610462148286,0.17798264316386894
33400.0,0.19906589623065177,0.22643034639681447,0.05990838597646777,0.08418909613484626,0.25295649830843386,0.17744977695278585
33500.0,0.19847168741231605,0.2283812423509746,0.06008775857437092,0.08393779290170443,0.2522014268230799,0.1769200919375541
33600.0,0.19788101544596887,0.22770155650129462,0.06288503318353621,0.08368798547662272,0.25145084967709297,0.17639355971548465
33700.0,0.1972938488472152,0.22702590427583752,0.06566570724904305,0.0834396605441975,0.2507047268627044,0.17587015222100236
33800.0,0.19671015650424545,0.22635424987426409,0.06842992810863584,0.08319280494659921,0.2499630188455963,0.17534984172065915
33900.0,0.19612990767234004,0.22568655791864548,0.06979145157959943,0.08433379546326067,0.24922568655791866,0.17483260080823573
34000.0,0.19555307196847152,0.22502279344725154,0.06958618864151055,0.0870268521514073,0.24849269139142965,0.1743184023999294
34100.0,0.194979619366001,0.22436292190844842,0.06938212955631799,0.08970411424884901,0.24776399519075687,0.1738072197296267
34200.0,0.19440952018946814,0.22370690915470307,0.06917926376421742,0.092365720300576,0.2470395602467764,0.17329902634425895
34300.0,0.19384274510947203,0.2230547214366928,0.06897758082854727,0.09501180723594065,0.24631934929010815,0.1727937960992391
34400.0,0.19327926513764135,0.2224063253975175,0.06877707043399901,0.09493910060754047,0.24830673526932356,0.1722915031539781
34500.0,0.19271905162169212,0.22176168806701255,0.06857772238485842,0.09466392278484681,0.2504854931741109,0.1717921219674792
34600.0,0.19216207624057108,0.22112077685616022,0.06837952660327737,0.09439033553943528,0.2526516574665472,0.17129562729400885
34700.0,0.191608310999683,0.22048355955159793,0.06818247312757557,0.09411832512031354,0.2548053370219878,0.17080199417884212
34800.0,0.1910577282262004,0.21985000431022098,0.06798655211057153,0.0938478779345421,0.2553662251084739,0.1718916123099911
34900.0,0.19051030056445373,0.2192200796538781,0.06779175381794218,0.09357898054497006,0.25463453769232974,0.17426434772642618
35000.0,0.1900802834204737,0.21859375446415816,0.06759806862661066,0.09331161966800948,0.2539070312276792,0.17650924259306877
35100.0,0.19238768126264208,0.2179709979772656,0.06740548702316174,0.09304578217144811,0.25318366998091224,0.17600638158457024
35200.0,0.19468196926223688,0.21735177977898354,0.06721399960228402,0.09278145507229908,0.2524644186244709,0.17550637765972557
35300.0,0.19435710036542875,0.21673606979972238,0.06702359706523894,0.0925186255346874,0.2517492422310983,0.17761536500382424
35400.0,0.19380808451738651,0.21612383830965226,0.06683427021835542,0.0922572808677721,0.2510381062681845,0.1799384198186492
35500.0,0.1932621616292499,0.21703613982704711,0.0666460099715501,0.09199740852370356,0.25033097659220865,0.18072730345624066
